15, 17, 77, 28, "Networks"
83, 17, 100, 28, "for"
106, 17, 153, 31, "Today's"
160, 17, 218, 28, "Business"
15, 38, 36, 46, "First"
41, 38, 72, 47, "choice"
78, 38, 90, 46, "for"
95, 38, 120, 49, "large"
15, 54, 72, 65, "enterprises"
77, 54, 128, 62, "worldwide"
134, 59, 142, 59, "-"
15, 70, 47, 79, "H3C®,"
52, 70, 91, 78, "3Com®"
96, 70, 112, 78, "and"
14, 86, 50, 97, "Tipping"
53, 86, 87, 94, "Point®"
15, 102, 70, 113, "networking"
76, 102, 127, 110, "solutions."
161, 98, 188, 106, "Watch"
193, 98, 216, 106, "video"
