79, 18, 113, 29, "IEEE"
78, 34, 227, 46, "COMMUNICATIONS"
78, 50, 147, 63, "SOCIETY"
369, 12, 400, 20, "FREE"
409, 12, 463, 20, "ACCESS"
471, 12, 557, 20, "SPONSORED"
566, 12, 581, 20, "BY"
504, 60, 581, 74, "CISCO."
36, 82, 51, 91, "For"
49, 82, 70, 90, "other"
76, 82, 110, 94, "sponsor"
112, 82, 170, 93, "opportunities,"
172, 81, 199, 92, "please"
201, 83, 233, 91, "contact"
235, 82, 250, 92, "Eric"
253, 82, 283, 92, "Levine,"
284, 82, 325, 91, "Associate"
327, 82, 367, 91, "Publisher"
369, 82, 399, 92, "Phone:"
400, 82, 463, 92, "212-705-8920,"
465, 82, 495, 91, "E-mail:"
497, 81, 587, 92, "e_levine@comsoc.org"
