31, 27, 91, 48, "ASK."
104, 27, 231, 48, "ANSWER."
34, 57, 209, 78, "EXPERIENCE."
32, 89, 52, 99, "Ask"
57, 93, 62, 99, "a"
68, 90, 119, 102, "question,"
124, 89, 144, 99, "fnd"
149, 93, 162, 99, "an"
167, 93, 209, 101, "answer,"
215, 89, 246, 99, "share"
251, 93, 257, 99, "a"
261, 89, 305, 99, "solution"
310, 90, 318, 99, "&"
324, 89, 348, 99, "read"
33, 105, 63, 118, "blogs"
68, 109, 81, 115, "on"
86, 109, 92, 115, "a"
96, 105, 123, 115, "wide"
127, 106, 164, 118, "variety"
169, 105, 179, 115, "of"
183, 106, 216, 118, "topics"
220, 105, 242, 115, "with"
248, 106, 263, 115, "HP"
267, 106, 343, 115, "communities."
