56, 10, 97, 22, "200  "
105, 10, 140, 26, "Days"
146, 9, 179, 23, "Web"
186, 10, 257, 23, "Retention"
56, 38, 85, 51, "650"
92, 38, 127, 53, "Days"
135, 38, 176, 50, "NNTP"
183, 38, 254, 50, "Retention"
57, 66, 87, 78, "Free"
94, 66, 152, 79, "256-Bit"
159, 65, 232, 82, "Encrypted"
240, 66, 264, 78, "SSL"
56, 93, 128, 106, "Unlimited"
136, 94, 230, 106, "Connections"
57, 121, 117, 134, "Rollover"
123, 122, 155, 138, "Gigs"
73, 171, 115, 184, "SIGN"
124, 171, 147, 184, "UP"
153, 171, 222, 184, "TODAY!"
231, 168, 244, 186, ">"
